`fmd` <-
structure(c(350850L, 337320L, 341730L, 350410L, 347800L, 356900L, 
310090L, 336410L, 336690L, 349940L, 342380L, 329050L, 336740L, 
340910L, 338420L, 339630L, 345890L, 311550L, 326770L, 349130L, 
353930L, 342590L, 345970L, 337740L, 329610L, 356390L, 356650L, 
334120L, 328490L, 324200L, 319720L, 320480L, 326440L, 347560L, 
356440L, 333700L, 350450L, 315650L, 322630L, 338570L, 342290L, 
349650L, 321050L, 309670L, 338930L, 341810L, 335130L, 344890L, 
346420L, 343910L, 333290L, 350050L, 318990L, 335370L, 338170L, 
347600L, 351620L, 340590L, 330510L, 313670L, 325590L, 336200L, 
355820L, 346070L, 342100L, 351140L, 310410L, 323356L, 326930L, 
348860L, 349390L, 340190L, 334670L, 353594L, 354500L, 312890L, 
356220L, 351290L, 328410L, 326350L, 345210L, 328610L, 315400L, 
332280L, 352180L, 337360L, 344510L, 349420L, 357680L, 344820L, 
330990L, 324100L, 322250L, 333450L, 329680L, 338650L, 342790L, 
355150L, 357350L, 352850L, 339120L, 337320L, 310900L, 330660L, 
328100L, 330050L, 329200L, 356950L, 353610L, 339840L, 337200L, 
358520L, 353430L, 353720L, 348150L, 344300L, 359220L, 359550L, 
357310L, 355860L, 362110L, 340890L, 312700L, 353160L, 352050L, 
330340L, 331400L, 334030L, 332150L, 352650L, 346800L, 354210L, 
348230L, 343420L, 354700L, 360100L, 361020L, 340840L, 344650L, 
345530L, 335830L, 335600L, 349390L, 312280L, 362260L, 341700L, 
325490L, 321830L, 316800L, 336050L, 343040L, 342410L, 345170L, 
341230L, 345020L, 354790L, 356900L, 319910L, 314370L, 334480L, 
333970L, 321550L, 328980L, 309890L, 325200L, 335860L, 334270L, 
355430L, 352970L, 338410L, 343800L, 361380L, 334630L, 365030L, 
320100L, 334320L, 310870L, 314760L, 334000L, 324230L, 337930L, 
325830L, 343080L, 346300L, 354450L, 355280L, 362390L, 346230L, 
342450L, 342230L, 334980L, 342260L, 321130L, 356600L, 321560L, 
335600L, 336280L, 333060L, 337290L, 348300L, 335850L, 358260L, 
360580L, 350880L, 342870L, 350099L, 324671L, 337900L, 327430L, 
325390L, 325490L, 320890L, 313000L, 323220L, 309060L, 335370L, 
338700L, 332940L, 334110L, 340930L, 357130L, 352820L, 370120L, 
354860L, 343040L, 349810L, 339850L, 342450L, 341040L, 337830L, 
322870L, 323460L, 334660L, 322930L, 323160L, 324460L, 337750L, 
347950L, 355100L, 356930L, 338460L, 341190L, 361680L, 345890L, 
342440L, 343960L, 347570L, 356700L, 328390L, 317100L, 327110L, 
341165L, 329050L, 333510L, 340660L, 347530L, 350670L, 343200L, 
349510L, 348610L, 319130L, 336400L, 359530L, 310450L, 330310L, 
330760L, 311340L, 319570L, 351150L, 336290L, 345980L, 358910L, 
343300L, 340890L, 348520L, 327250L, 330180L, 318840L, 312370L, 
316040L, 330030L, 322640L, 326840L, 309090L, 309820L, 315400L, 
339590L, 333870L, 335210L, 352990L, 352150L, 353400L, 364420L, 
347540L, 355310L, 341890L, 345420L, 319650L, 365610L, 353250L, 
334600L, 313220L, 337680L, 338160L, 337160L, 333200L, 354290L, 
334840L, 346380L, 343150L, 367710L, 327920L, 327120L, 325910L, 
324930L, 338580L, 334420L, 334810L, 311790L, 310730L, 359580L, 
354740L, 342820L, 341670L, 348500L, 331170L, 315680L, 318900L, 
335710L, 314790L, 319460L, 335880L, 337380L, 346930L, 335900L, 
337840L, 341710L, 337630L, 341200L, 363070L, 366470L, 315130L, 
333090L, 332230L, 323770L, 334220L, 336600L, 351850L, 337510L, 
343700L, 340120L, 340690L, 341960L, 343760L, 346860L, 339520L, 
335900L, 327350L, 328520L, 325980L, 324800L, 313870L, 333730L, 
352340L, 354180L, 335530L, 336800L, 341110L, 346300L, 351750L, 
375670L, 348600L, 312630L, 322450L, 309960L, 343060L, 339350L, 
347850L, 343610L, 378597L, 370528L, 324440L, 316290L, 332520L, 
335600L, 332020L, 312090L, 345020L, 344300L, 320270L, 328670L, 
327690L, 339430L, 336840L, 345060L, 340700L, 325540L, 319150L, 
312100L, 334700L, 335190L, 344060L, 336600L, 342540L, 329200L, 
343590L, 365100L, 366740L, 326880L, 315710L, 314140L, 336150L, 
334390L, 321360L, 324330L, 339000L, 335850L, 340430L, 310380L, 
338940L, 327770L, 347720L, 351700L, 355690L, 343770L, 340980L, 
308420L, 316460L, 313010L, 327760L, 311650L, 334580L, 313590L, 
354650L, 349960L, 330020L, 318390L, 325790L, 322840L, 339660L, 
350310L, 337780L, 340060L, 333460L, 327990L, 340280L, 334360L, 
361500L, 358230L, 341240L, 345990L, 340800L, 342320L, 368580L, 
295580L, 328290L, 321970L, 325230L, 355200L, 346010L, 322820L, 
317690L, 331650L, 328060L, 309785L, 335250L, 344870L, 339660L, 
339690L, 295860L, 325010L, 315670L, 313450L, 334250L, 335340L, 
331790L, 312620L, 353240L, 335860L, 344600L, 345830L, 347900L, 
378080L, 296300L, 324430L, 321640L, 328890L, 321030L, 334700L, 
343240L, 310920L, 343445L, 341200L, 318910L, 324630L, 337850L, 
313400L, 350540L, 345430L, 342280L, 309780L, 320650L, 318050L, 
315430L, 315080L, 333250L, 331100L, 354660L, 324330L, 319580L, 
309880L, 338200L, 363530L, 297200L, 325320L, 340030L, 345990L, 
323020L, 334260L, 347570L, 358130L, 358090L, 351620L, 324570L, 
318200L, 316950L, 345470L, 308550L, 346500L, 319970L, 348150L, 
319120L, 355550L, 307350L, 317410L, 325160L, 346840L, 381240L, 
355590L, 321840L, 346420L, 310410L, 333400L, 323670L, 366860L, 
349340L, 323100L, 342840L, 360170L, 312610L, 348500L, 353950L, 
342210L, 344380L, 345310L, 322400L, 352730L, 367740L, 359360L, 
322640L, 349530L, 309310L, 345520L, 360080L, 358560L, 308520L, 
336540L, 383390L, 357920L, 307400L, 362650L, 360760L, 306890L, 
328700L, 307040L, 360440L, 362210L, 362000L, 361430L, 362600L, 
361040L, 358470L, 363950L, 363430L, 363750L, 370410L, 370910L, 
370900L, 365770L, 343930L, 376840L, 366730L, 372890L, 362200L, 
348990L, 360390L, 371640L, 369520L, 372830L, 375240L, 369095L, 
359520L, 378140L, 370880L, 376490L, 368600L, 378030L, 360870L, 
373190L, 360750L, 376930L, 353670L, 359510L, 378310L, 368700L, 
373600L, 357300L, 358300L, 354300L, 321530L, 356200L, 377050L, 
355800L, 351200L, 350410L, 361410L, 350550L, 362130L, 356850L, 
378770L, 362870L, 356260L, 358160L, 358170L, 357200L, 363400L, 
362910L, 349642L, 368594L, 377940L, 359020L, 356260L, 381420L, 
377040L, 368562L, 383030L, 366803L, 384530L, 557590L, 569500L, 
572090L, 527040L, 541850L, 541120L, 530930L, 568740L, 570830L, 
542360L, 569200L, 554410L, 569760L, 572450L, 571130L, 567800L, 
573010L, 543200L, 559380L, 530690L, 538770L, 525730L, 533250L, 
572050L, 557080L, 536220L, 531630L, 565350L, 554670L, 556770L, 
546530L, 539600L, 555700L, 530450L, 543490L, 567540L, 521960L, 
553610L, 561040L, 548170L, 526760L, 526940L, 556470L, 549490L, 
548660L, 549830L, 560620L, 530870L, 545890L, 538520L, 566650L, 
571410L, 554610L, 562070L, 539240L, 543000L, 534280L, 543790L, 
551660L, 554010L, 559330L, 562210L, 538080L, 540690L, 535490L, 
523190L, 551410L, 555234L, 555460L, 528400L, 542190L, 569360L, 
560950L, 534868L, 542700L, 555330L, 522230L, 527740L, 555860L, 
554720L, 557410L, 555410L, 554200L, 559780L, 551820L, 542620L, 
548630L, 539180L, 540150L, 537690L, 552220L, 553440L, 558180L, 
561520L, 555240L, 550950L, 558530L, 536330L, 535960L, 541260L, 
529960L, 565830L, 551930L, 558730L, 556000L, 555430L, 555340L, 
571110L, 552330L, 539280L, 538640L, 538910L, 535660L, 534270L, 
537170L, 541200L, 541630L, 543090L, 543330L, 532260L, 535210L, 
564810L, 555800L, 526900L, 527840L, 551150L, 556800L, 552370L, 
552250L, 545470L, 534390L, 535840L, 546580L, 546280L, 532340L, 
537510L, 535440L, 536100L, 539530L, 537840L, 565970L, 566800L, 
570510L, 555220L, 521830L, 551000L, 553510L, 541530L, 549530L, 
542910L, 560370L, 534430L, 542950L, 538370L, 535790L, 523200L, 
533600L, 546140L, 553680L, 544420L, 550760L, 546500L, 549430L, 
550010L, 560790L, 547170L, 561060L, 572470L, 548730L, 542670L, 
547100L, 537100L, 571020L, 529600L, 555400L, 543430L, 544240L, 
544990L, 538700L, 501430L, 543550L, 554720L, 533700L, 542600L, 
533190L, 538940L, 534190L, 535910L, 536560L, 541190L, 572730L, 
570580L, 549510L, 524080L, 556210L, 542660L, 542260L, 550560L, 
546170L, 562700L, 538390L, 546110L, 535190L, 533730L, 573420L, 
