northcumbria <-
structure(c(346618.656524861, 340011.691269045, 338487.006979241, 
332896.497916628, 332896.497916628, 333658.84006153, 330609.471481922, 
328576.559095517, 326543.646709113, 325273.076467609, 315362.628583885, 
305452.180700161, 306722.750941665, 301894.584023953, 297574.645202842, 
295541.732816438, 294017.048526634, 293762.934478333, 306976.864989965, 
306722.750941665, 312567.374052579, 320190.795501597, 319682.567404996, 
321207.2516948, 320190.795501597, 321461.3657431, 324510.734322708, 
327814.216950616, 328068.330998916, 325273.076467609, 325527.19051591, 
328068.330998916, 334421.182206432, 339249.349124143, 340774.033413947, 
342298.717703751, 347380.998669763, 365423.096099106, 373808.859693027, 
375587.658031131, 381178.167093745, 380669.938997143, 383973.421625051, 
388547.474494462, 389818.044735965, 389563.930687665, 386514.562108057, 
386514.562108057, 379907.596852241, 381432.281142045, 381432.281142045, 
377874.684465837, 380669.938997143, 379653.482803941, 373046.517548125, 
369743.034920217, 366185.438244008, 363390.183712702, 362881.9556161, 
364914.868002505, 364152.525857603, 362119.613471198, 363898.411809303, 
363898.411809303, 369234.806823616, 368472.464678714, 365423.096099106, 
361611.385374597, 357291.446553487, 357291.446553487, 356274.990360284, 
583056.7468651, 575941.553512683, 573908.641126278, 574162.755174579, 
573400.413029677, 571621.614691573, 566031.105628959, 565776.991580659, 
563744.079194254, 564760.535387456, 563998.193242554, 549005.464392818, 
541636.1569921, 537062.104122689, 529692.796721971, 516732.98025864, 
515208.295968836, 512921.269534131, 492846.259718382, 488780.434945572, 
475312.39038564, 477599.416820345, 481157.013496554, 482173.469689756, 
493100.373766683, 495133.286153088, 501740.251408904, 502248.479505505, 
502756.707602106, 505043.734036812, 507838.988568119, 508347.21666472, 
511650.699292628, 508093.102616419, 507838.988568119, 510380.129051125, 
509109.558809622, 497674.426636094, 497420.312587793, 495895.62829799, 
498436.768780996, 504281.39189191, 506060.190230014, 506314.304278315, 
507584.874519818, 515716.524065438, 515462.410017137, 518257.664548444, 
526389.314094063, 529184.56862537, 530709.252915174, 533250.39339818, 
542144.385088701, 545193.753668309, 550784.262730922, 549005.464392818, 
546210.209861511, 551292.490827524, 554341.859407131, 559170.026324843, 
563489.965145953, 563744.079194254, 566285.21967726, 569334.588256867, 
572129.842788174, 577466.237802487, 576958.009705886, 581786.176623597, 
586106.115444708, 587376.685686211, 588901.369976014), .Dim = c(71L, 
2L), .Dimnames = list(NULL, c("x", "y")))
